image\1\S010_004_00000019.png 268 486 177 395
image\1\S011_004_00000021.png 291 497 174 381
image\1\S014_003_00000030.png 264 472 185 393
image\1\S022_005_00000032.png 261 436 153 328
image\1\S026_003_00000015.png 243 408 173 338
image\1\S028_001_00000024.png 253 450 190 387
image\1\S029_001_00000019.png 246 407 165 327
image\1\S032_003_00000017.png 261 414 181 334
image\1\S034_003_00000027.png 214 375 185 346
image\1\S037_003_00000022.png 264 441 168 345
image\1\S042_004_00000020.png 241 425 187 372
image\1\S045_005_00000030.png 198 364 199 365
image\1\S050_004_00000021.png 331 497 161 328
image\1\S055_004_00000028.png 254 462 188 396
image\1\S058_005_00000010.png 208 423 149 363
image\1\S066_005_00000011.png 248 431 173 356
image\1\S067_004_00000023.png 241 438 189 387
image\1\S071_004_00000028.png 247 439 133 325
image\1\S072_005_00000019.png 232 435 202 405
image\1\S075_008_00000012.png 184 401 159 376
image\1\S082_005_00000017.png 194 435 138 379
image\1\S087_007_00000016.png 210 407 105 303
image\1\S089_003_00000036.png 165 389 133 358
image\1\S090_007_00000014.png 208 404 89 285
image\1\S092_003_00000014.png 201 404 161 364
image\1\S100_005_00000023.png 196 402 126 332
image\1\S109_003_00000017.png 207 384 146 323
image\1\S111_006_00000010.png 208 410 128 330
image\1\S112_005_00000017.png 247 451 127 332
image\1\S113_008_00000023.png 188 401 134 347
image\1\S117_006_00000010.png 183 408 121 346
image\1\S119_008_00000018.png 210 387 149 326
image\1\S126_008_00000029.png 177 385 159 367
image\1\S127_010_00000018.png 227 408 189 370
image\1\S129_006_00000010.png 203 383 179 359
image\1\S130_007_00000020.png 177 390 171 384
image\1\S133_003_00000047.png 227 395 188 357
image\1\S134_003_00000011.png 225 407 142 324
image\1\S136_005_00000010.png 224 405 132 312
image\1\S501_001_00000040.png 268 494 179 405
image\1\S502_001_00000016.png 230 475 170 415
image\1\S503_001_00000071.png 211 440 163 392
image\1\S504_001_00000022.png 186 459 138 410
image\1\S506_001_00000040.png 190 446 160 416
image\1\S999_001_00000018.png 148 355 182 389
image\2\S138_008_00000009.png 205 400 142 337
image\2\S139_002_00000013.png 172 385 184 397
image\2\S147_002_00000013.png 223 430 161 367
image\2\S148_002_00000015.png 160 365 114 319
image\2\S149_002_00000013.png 232 421 135 324
image\2\S151_002_00000029.png 137 351 154 368
image\2\S154_002_00000013.png 162 378 123 339
image\2\S155_002_00000012.png 154 366 158 370
image\2\S156_002_00000021.png 206 399 154 346
image\2\S157_002_00000011.png 178 418 132 372
image\2\S158_002_00000011.png 150 369 134 353
image\2\S160_006_00000010.png 173 381 130 337
image\2\S502_002_00000009.png 217 479 155 417
image\2\S503_002_00000008.png 251 480 168 397
image\2\S504_002_00000009.png 181 436 138 393
image\2\S505_002_00000021.png 157 403 152 398
image\2\S506_002_00000009.png 201 451 133 383
image\2\S895_002_00000007.png 176 388 121 333
image\3\S005_001_00000011.png 225 487 130 392
image\3\S011_005_00000020.png 265 506 154 395
image\3\S022_006_00000017.png 265 431 152 319
image\3\S032_005_00000016.png 266 420 179 333
image\3\S035_005_00000019.png 219 390 173 344
image\3\S044_006_00000019.png 264 414 183 333
image\3\S045_004_00000015.png 215 377 186 348
image\3\S046_004_00000017.png 220 408 160 348
image\3\S051_003_00000018.png 187 410 170 393
image\3\S052_006_00000013.png 216 426 160 370
image\3\S054_004_00000024.png 228 434 200 406
image\3\S055_003_00000009.png 243 437 181 375
image\3\S056_002_00000010.png 180 398 163 381
image\3\S057_003_00000015.png 234 438 159 363
image\3\S058_006_00000018.png 219 410 155 347
image\3\S060_005_00000021.png 217 414 201 398
image\3\S061_004_00000022.png 227 414 184 371
image\3\S062_005_00000029.png 164 390 167 394
image\3\S065_005_00000008.png 204 382 185 363
image\3\S067_006_00000011.png 231 429 167 365
image\3\S068_005_00000021.png 174 357 183 367
image\3\S069_003_00000011.png 223 433 176 386
image\3\S070_005_00000016.png 240 418 165 343
image\3\S071_006_00000014.png 267 443 132 308
image\3\S073_006_00000014.png 201 414 159 372
image\3\S074_004_00000018.png 205 389 192 376
image\3\S075_005_00000012.png 188 404 175 391
image\3\S076_005_00000012.png 194 396 171 372
image\3\S077_006_00000014.png 217 395 127 306
image\3\S078_007_00000013.png 219 399 159 339
image\3\S079_002_00000012.png 183 368 181 365
image\3\S080_008_00000009.png 224 418 148 342
image\3\S081_008_00000011.png 199 423 133 356
image\3\S082_007_00000010.png 193 426 139 372
image\3\S085_004_00000017.png 193 385 119 310
image\3\S087_004_00000012.png 200 402 108 310
image\3\S088_004_00000020.png 155 370 149 364
image\3\S090_006_00000011.png 201 398 87 284
image\3\S095_006_00000013.png 204 406 124 326
image\3\S096_003_00000012.png 205 407 138 340
image\3\S097_004_00000030.png 176 447 101 372
image\3\S098_003_00000013.png 154 369 120 334
image\3\S099_007_00000012.png 207 396 144 333
image\3\S102_009_00000015.png 226 418 95 286
image\3\S105_008_00000010.png 200 404 108 312
image\3\S106_004_00000008.png 206 407 131 332
image\3\S107_005_00000011.png 197 401 180 384
image\3\S108_006_00000020.png 239 431 156 348
image\3\S109_005_00000014.png 202 378 140 316
image\3\S111_007_00000014.png 203 400 130 327
image\3\S116_006_00000007.png 177 375 144 342
image\3\S124_006_00000011.png 172 348 146 322
image\3\S125_008_00000010.png 236 425 156 344
image\3\S128_004_00000013.png 176 358 175 357
image\3\S129_011_00000018.png 202 391 181 371
image\3\S130_012_00000011.png 184 381 177 374
image\3\S131_010_00000018.png 211 421 147 357
image\3\S132_005_00000016.png 213 393 155 335
image\3\S134_008_00000013.png 216 395 158 337
image\4\S011_003_00000014.png 259 511 138 389
image\4\S032_004_00000014.png 265 422 174 330
image\4\S046_003_00000016.png 228 407 156 335
image\4\S050_001_00000017.png 328 501 147 320
image\4\S054_002_00000015.png 230 439 188 398
image\4\S055_006_00000008.png 246 457 175 386
image\4\S062_001_00000017.png 171 440 144 413
image\4\S065_002_00000022.png 205 386 159 340
image\4\S068_004_00000010.png 159 353 180 374
image\4\S074_001_00000020.png 181 400 171 391
image\4\S084_002_00000023.png 181 419 99 337
image\4\S091_001_00000015.png 134 382 91 340
image\4\S102_003_00000016.png 209 404 99 294
image\4\S117_003_00000014.png 193 410 109 326
image\4\S119_003_00000024.png 199 385 125 311
image\4\S124_003_00000011.png 170 362 139 331
image\4\S125_006_00000022.png 238 443 143 349
image\4\S132_003_00000023.png 214 392 149 327
image\4\S138_001_00000012.png 198 396 131 329
image\4\S501_004_00000056.png 259 481 155 377
image\4\S502_004_00000052.png 200 476 122 399
image\4\S504_004_00000015.png 180 442 136 398
image\4\S506_004_00000038.png 197 454 127 384
image\4\S999_003_00000055.png 127 350 158 381
image\5\S010_006_00000015.png 244 496 146 397
image\5\S011_006_00000013.png 265 513 154 402
image\5\S014_005_00000017.png 256 489 167 400
image\5\S026_006_00000013.png 251 412 164 326
image\5\S032_006_00000016.png 267 417 175 325
image\5\S034_005_00000010.png 193 390 162 359
image\5\S035_006_00000018.png 210 398 169 357
image\5\S037_006_00000021.png 256 458 137 339
image\5\S042_006_00000017.png 235 429 181 375
image\5\S044_003_00000014.png 261 427 182 348
image\5\S050_006_00000023.png 335 501 150 316
image\5\S052_004_00000033.png 215 434 160 380
image\5\S053_004_00000024.png 187 443 142 398
image\5\S055_005_00000045.png 241 457 174 390
image\5\S056_004_00000020.png 166 389 147 369
image\5\S057_006_00000033.png 208 422 151 365
image\5\S060_002_00000026.png 200 438 181 419
image\5\S061_002_00000015.png 222 427 178 383
image\5\S062_004_00000024.png 152 424 154 426
image\5\S063_002_00000023.png 187 414 145 372
image\5\S064_003_00000025.png 188 399 113 324
image\5\S065_004_00000028.png 205 390 165 350
image\5\S066_003_00000012.png 234 439 160 365
image\5\S067_005_00000022.png 221 435 163 377
image\5\S068_002_00000015.png 160 348 183 372
image\5\S069_004_00000017.png 209 413 170 375
image\5\S070_003_00000017.png 221 428 152 359
image\5\S071_005_00000021.png 243 442 122 321
image\5\S072_006_00000022.png 224 417 183 376
image\5\S074_005_00000043.png 202 398 184 379
image\5\S075_006_00000025.png 159 410 157 409
image\5\S076_006_00000019.png 210 415 165 370
image\5\S078_004_00000027.png 215 406 149 340
image\5\S079_004_00000026.png 169 383 158 372
image\5\S083_003_00000019.png 179 379 160 359
image\5\S085_002_00000014.png 191 408 106 323
image\5\S086_002_00000015.png 147 382 105 340
image\5\S087_005_00000012.png 203 409 98 304
image\5\S089_002_00000021.png 148 403 106 360
image\5\S091_003_00000021.png 129 352 109 333
image\5\S092_004_00000024.png 192 395 158 361
image\5\S093_004_00000016.png 190 403 79 293
image\5\S094_004_00000012.png 204 401 119 316
image\5\S095_007_00000021.png 208 418 117 326
image\5\S096_004_00000011.png 198 413 130 344
image\5\S097_006_00000019.png 192 437 101 346
image\5\S098_004_00000015.png 136 382 97 343
image\5\S099_004_00000015.png 175 400 107 331
image\5\S100_006_00000016.png 196 421 108 332
image\5\S106_006_00000011.png 179 414 112 347
image\5\S108_008_00000013.png 229 431 149 351
image\5\S109_006_00000015.png 182 378 138 333
image\5\S114_006_00000023.png 173 417 134 379
image\5\S115_008_00000017.png 195 422 132 358
image\5\S116_007_00000017.png 173 390 131 349
image\5\S124_007_00000024.png 184 365 129 310
image\5\S125_005_00000013.png 250 442 152 343
image\5\S127_004_00000016.png 218 412 179 373
image\5\S128_011_00000016.png 181 360 178 357
image\5\S129_012_00000011.png 195 388 168 361
image\5\S130_013_00000015.png 163 391 162 389
image\5\S131_006_00000022.png 215 420 131 336
image\5\S132_006_00000023.png 213 387 151 326
image\5\S133_010_00000014.png 205 386 178 359
image\5\S134_004_00000015.png 212 407 138 333
image\5\S135_012_00000020.png 176 373 161 359
image\5\S136_006_00000020.png 215 413 124 322
image\5\S137_011_00000020.png 185 400 151 366
image\5\S138_005_00000016.png 192 394 133 335
image\6\S011_002_00000022.png 272 512 159 398
image\6\S014_002_00000016.png 248 470 179 401
image\6\S026_002_00000016.png 236 408 164 337
image\6\S042_002_00000016.png 231 432 182 383
image\6\S046_001_00000025.png 217 405 157 345
image\6\S064_004_00000014.png 174 406 130 362
image\6\S066_004_00000010.png 249 446 161 358
image\6\S071_002_00000020.png 249 441 126 317
image\6\S080_005_00000013.png 201 418 138 355
image\6\S081_002_00000024.png 189 435 125 371
image\6\S093_001_00000020.png 184 387 94 297
image\6\S095_010_00000014.png 211 431 125 346
image\6\S106_002_00000016.png 193 421 130 358
image\6\S108_005_00000022.png 233 421 169 357
image\6\S113_003_00000015.png 165 427 109 371
image\6\S115_004_00000017.png 179 394 135 351
image\6\S125_001_00000014.png 232 423 155 346
image\6\S130_009_00000019.png 179 402 166 388
image\6\S131_003_00000024.png 202 427 147 373
image\6\S132_002_00000018.png 202 416 139 353
image\6\S136_003_00000014.png 216 410 124 318
image\6\S137_005_00000027.png 198 396 159 357
image\6\S138_007_00000011.png 199 400 136 337
image\6\S501_006_00000041.png 264 493 167 396
image\6\S503_006_00000020.png 233 445 171 383
image\6\S504_006_00000018.png 208 464 140 396
image\6\S505_006_00000019.png 167 429 141 404
image\6\S506_006_00000042.png 199 455 123 380
image\7\S010_002_00000014.png 266 499 157 390
image\7\S011_001_00000016.png 271 512 150 391
image\7\S014_001_00000029.png 248 483 162 397
image\7\S022_001_00000030.png 256 423 149 316
image\7\S026_001_00000015.png 255 406 152 304
image\7\S032_001_00000022.png 256 407 167 319
image\7\S034_001_00000029.png 195 394 160 359
image\7\S035_001_00000015.png 204 395 157 348
image\7\S037_001_00000020.png 252 451 158 356
image\7\S042_001_00000019.png 238 419 177 358
image\7\S044_001_00000024.png 263 430 173 340
image\7\S046_002_00000006.png 216 410 150 344
image\7\S050_002_00000018.png 317 492 126 302
image\7\S051_002_00000019.png 166 393 123 350
image\7\S052_001_00000015.png 205 432 143 370
image\7\S053_001_00000023.png 183 431 140 389
image\7\S054_003_00000007.png 208 424 175 391
image\7\S055_001_00000012.png 253 462 165 373
image\7\S056_003_00000010.png 181 392 146 357
image\7\S057_001_00000019.png 224 439 147 362
image\7\S058_001_00000020.png 218 427 139 349
image\7\S059_001_00000018.png 259 480 152 374
image\7\S060_003_00000018.png 202 424 169 391
image\7\S061_001_00000012.png 222 447 168 393
image\7\S062_002_00000016.png 156 429 135 408
image\7\S063_001_00000013.png 171 424 123 376
image\7\S064_001_00000012.png 167 414 107 354
image\7\S065_003_00000022.png 206 377 162 333
image\7\S066_002_00000022.png 239 454 149 365
image\7\S067_002_00000014.png 224 434 157 367
image\7\S068_003_00000014.png 143 343 174 375
image\7\S069_002_00000014.png 222 425 169 372
image\7\S070_002_00000016.png 243 431 152 340
image\7\S071_001_00000013.png 228 441 118 331
image\7\S073_001_00000013.png 186 411 143 368
image\7\S074_002_00000016.png 187 395 167 375
image\7\S075_002_00000014.png 183 410 153 380
image\7\S076_001_00000017.png 199 400 161 362
image\7\S077_001_00000028.png 207 408 106 306
image\7\S078_001_00000033.png 220 414 146 340
image\7\S079_001_00000012.png 181 371 173 362
image\7\S080_001_00000018.png 188 430 109 351
image\7\S081_001_00000019.png 190 433 135 378
image\7\S082_001_00000015.png 179 457 92 369
image\7\S084_001_00000010.png 183 418 105 340
image\7\S085_003_00000013.png 191 417 81 307
image\7\S086_001_00000019.png 134 386 85 337
image\7\S087_001_00000011.png 185 419 63 297
image\7\S088_001_00000017.png 151 363 153 365
image\7\S089_001_00000016.png 156 390 103 338
image\7\S090_002_00000011.png 196 406 76 286
image\7\S092_001_00000017.png 164 403 123 362
image\7\S094_001_00000010.png 193 397 116 320
image\7\S095_001_00000016.png 194 417 113 336
image\7\S096_001_00000007.png 201 424 119 342
image\7\S097_001_00000021.png 206 410 92 296
image\7\S099_001_00000014.png 182 401 110 329
image\7\S100_002_00000015.png 182 413 108 340
image\7\S101_002_00000019.png 204 424 103 324
image\7\S102_002_00000018.png 214 400 86 273
image\7\S107_001_00000010.png 202 417 135 350
image\7\S110_001_00000013.png 212 420 120 327
image\7\S111_001_00000014.png 202 402 116 316
image\7\S113_001_00000012.png 179 417 106 344
image\7\S114_001_00000018.png 159 440 101 382
image\7\S115_001_00000008.png 198 405 122 329
image\7\S116_001_00000014.png 171 392 117 338
image\7\S117_001_00000014.png 200 409 107 316
image\7\S119_001_00000011.png 214 398 120 304
image\7\S122_001_00000012.png 156 376 141 360
image\7\S124_001_00000014.png 163 337 123 297
image\7\S125_007_00000009.png 221 428 147 354
image\7\S126_004_00000012.png 170 398 130 357
image\7\S127_001_00000017.png 225 409 167 351
image\7\S129_002_00000011.png 193 380 162 349
image\7\S130_001_00000018.png 180 402 161 383
image\7\S131_001_00000016.png 202 409 107 314
image\7\S132_008_00000010.png 207 406 140 339
image\7\S133_009_00000006.png 219 399 181 362
image\7\S135_001_00000039.png 183 389 156 361
image\7\S136_001_00000019.png 225 423 130 328
image\7\S137_001_00000014.png 200 396 157 353
image\7\S138_004_00000013.png 216 405 129 318
